{
    "1C435217-1F56-4B14-B162-D5571841CD11/ExpandedNodes/C8F516D1-7430-463D-9B03-938CEE8F7682": "Cylinder 1",
    "5CC39EC9-3D62-4AF9-A2EF-C702D5DFA682/SelectedTimelineObject": "0 0 ",
    "5CC39EC9-3D62-4AF9-A2EF-C702D5DFA682/UnfoldedTimelineNodes/BB1BF9EB-0958-4826-8ECE-115F549231BB": "Cylinder 1",
    "B411012D-9D18-4F72-A5A5-DD6DB8CACACA/SelectedTimelineObject": "0 0 ",
    "B411012D-9D18-4F72-A5A5-DD6DB8CACACA/UnfoldedTimelineNodes/E110873B-CA52-46B6-A285-26411B71FB5C": "Cylinder",
    "B4DB1C69-464C-4273-8573-CD6ECE8BED33/SelectedTimelineObject": "0 0 ",
    "B4DB1C69-464C-4273-8573-CD6ECE8BED33/UnfoldedTimelineNodes/FAA4F0B5-81AF-4BED-AA66-9A2D2CA1845C": "Cylinder 2",
    "Camera/Position/X": 7.574098110198975,
    "Camera/Position/Y": 5.248716354370117,
    "Camera/Position/Z": 10.4891357421875,
    "Camera/Rotation/W": 0.9338945150375366,
    "Camera/Rotation/X": -0.18222172558307648,
    "Camera/Rotation/Y": 0.30193382501602173,
    "Camera/Rotation/Z": 0.05891338363289833,
    "Camera/Type": 0,
    "Editor/ValueDraggerStepSize": 10,
    "SnapTypePosiotion/SnapPreset1": 0.5,
    "SnapTypePosiotion/SnapPreset2": 1,
    "SnapTypePosiotion/SnapPresetSelected": 0,
    "SnapTypeRotation/SnapPreset1": 45,
    "SnapTypeRotation/SnapPreset2": 90,
    "SnapTypeRotation/SnapPresetSelected": 0,
    "export/projectName": "Two-Objects-Same-Material"
}
